caesar:172:00100000 00010100 00010101 00011111 00010101 00011111 1101 00100000 00010001 00011111 00100000
caesar:12:10000000 01110100 01110101 01111111 01110101 01111111 01101101 10000000 01110001 01111111 10000000
caesar:184:00101100 00100000 00100001 00101011 00100001 00101011 00011001 00101100 00011101 00101011 00101100
vigenere:J67rXuxx:10111110 10011110 10100000 11100101 11000001 11101000 11011001 11101100 10101111 10101001 10101011
vigenere:uhIGmy9ydxg:11101001 11010000 10110010 10111010 11010110 11101100 10011010 11101101 11001001 11101011 11011011
vigenere:WAvT:11001011 10101001 11011111 11000111 11000000 10110100 11010111 11001000 10111100 10110100 11101010
caesar:251:01001000 01110100 00011011 01101001 01011100 01101000 01100000 00011011 01100100 01101110 00011011 00111100 01101101 01101111 00011011 01010001 01011100 01101001 01011111 01100000 01100111 01011100 01110100 00101001 00011011 01000100 00100010 01101000 00011011 01011100 01101001 00011011 01011100 01101101 01011110 01100011 01100100 01101111 01100000 01011110 01101111 00101001
caesar:164:11110001 00011101 11000100 00010010 0101 00010001 1001 11000100 1101 00010111 11000100 11100101 00010110 00011000 11000100 11111010 0101 00010010 1000 1001 00010000 0101 00011101 11010010 11000100 11101101 11001011 00010001 11000100 0101 00010010 11000100 0101 00010110 0111 1100 1101 00011000 1001 0111 00011000 11010010
caesar:1:01001110 01111010 00100001 01101111 01100010 01101110 01100110 00100001 01101010 01110100 00100001 01000010 01110011 01110101 00100001 01010111 01100010 01101111 01100101 01100110 01101101 01100010 01111010 00101111 00100001 01001010 00101000 01101110 00100001 01100010 01101111 00100001 01100010 01110011 01100100 01101001 01101010 01110101 01100110 01100100 01110101 00101111
vigenere:XcbHqk:10100101 11011100 10000010 10110110 11010010 11011000 10111101 10000011 11001011 10111011 10010001 10101100 11001010 11010111 10000010 10011110 11010010 11011001 10111100 11001000 11001110 10101001 11101010 10011001 01111000 10101100 10001001 10110101 10010001 11001100 11000110 10000011 11000011 10111010 11010100 11010011 11000001 11010111 11000111 10101011 11100101 10011001
vigenere:bpe3kKJ:10101111 11101001 10000101 10100001 11001100 10111000 10101111 10000010 11011001 11011000 01010011 10101100 10111101 10111110 10000010 11000110 11000110 10100001 11001111 10110000 10110110 11000011 11101001 10010011 01010011 10110100 01110010 10110111 10000010 11010001 11010011 01010011 11001100 10111101 10101101 11001010 11011001 11011001 10011000 11001110 10111111 01111000
vigenere:DSfc5CtgS3Co:10010001 11001100 10000110 11010001 10010110 10110000 11011001 10000111 10111100 10100110 01100011 10110000 10110110 11000111 10000110 10111001 10010110 10110001 11011000 11001100 10111111 10010100 10111100 10011101 01100100 10011100 10001101 11010000 01010101 10100100 11100010 10000111 10110100 10100101 10100110 11010111 10101101 11000111 11001011 11000110 10101001 01110001
caesar:194:00010101 00100101 00110001 00110110 00110110 00111011 11101110 11100010 00100100 00100111 00100011 00101111 11100010 00110111 00110101 11100010 00110111 00110010 11100011
caesar:11:01011110 01101110 01111010 01111111 01111111 10000100 00110111 00101011 01101101 01110000 01101100 01111000 00101011 10000000 01111110 00101011 10000000 01111011 00101100
caesar:117:11001000 11011000 11100100 11101001 11101001 11101110 10100001 10010101 11010111 11011010 11010110 11100010 10010101 11101010 11101000 10010101 11101010 11100101 10010110
vigenere:p8P:11000011 10011011 10111111 11100100 10101100 11001001 10011100 01011000 10110010 11010101 10011001 10111101 10010000 10101101 11000011 10010000 10101101 11000000 10010001
vigenere:I:10011100 10101100 10111000 10111101 10111101 11000010 01110101 01101001 10101011 10101110 10101010 10110110 01101001 10111110 10111100 01101001 10111110 10111001 01101010
vigenere:BVnatd6aCACi:10010101 10111001 11011101 11010101 11101000 11011101 01100010 10000001 10100101 10100110 10100100 11010110 01100010 11001011 11100001 10000001 11101001 11010100 01010111
caesar:174:11101111 10 10 11101111 11110001 11111001 11101111 10 11110010 11101111 0101 11111100
caesar:83:10010100 10100111 10100111 10010100 10010110 10011110 10010100 10100111 10010111 10010100 10101010 10100001
caesar:208:00010001 00100100 00100100 00010001 00010011 00011011 00010001 00100100 00010100 00010001 00100111 00011110
vigenere:XXufl:10011001 10101100 11001001 10100111 10101111 10100011 10011001 11001001 10101010 10101101 10101111 10100110
vigenere:MrH4QC9B9Q:10001110 11000110 10011100 01110101 10010100 10001110 01111010 10010110 01111101 10010010 10100100 11000000
vigenere:DiyRNnj:10000101 10111101 11001101 10010011 10010001 10111001 10101011 10011000 10101101 10111010 10101001 10011100
caesar:96:10101001 11010100 10000111 11010011 10000000 11000001 10000000 11010011 11000101 11000011 11010010 11000101 11010100 10000001
caesar:184:1 00101100 11011111 00101011 11011000 00011001 11011000 00101011 00011101 00011011 00101010 00011101 00101100 11011001
caesar:16:01011001 10000100 00110111 10000011 00110000 01110001 00110000 10000011 01110101 01110011 10000010 01110101 10000100 00110001
vigenere:Q:10011010 11000101 01111000 11000100 01110001 10110010 01110001 11000100 10110110 10110100 11000011 10110110 11000101 01110010
vigenere:euWSASs8uMcq:10101110 11101001 01111110 11000110 01100001 10110100 10010011 10101011 11011010 10110000 11010101 11010110 11011001 10010110
vigenere:a:10101010 11010101 10001000 11010100 10000001 11000010 10000001 11010100 11000110 11000100 11010011 11000110 11010101 10000010
caesar:48:01111000 10011001 10010100 10010100 10010101 10011110 01010000 10010100 10010101 10010101 10100000 01010000 10011001 10011110 10100011 10011001 10010100 10010101 01010000 10101001 10011111 10100101 01010000 10010011 10010001 10011110 01010000 10010110 10011001 10011110 10010100 01010000 01111101 10010001 10100100 10100100 10101001 01010111 10100011 01010000 10100100 10010101 10100010 10100010 10011001 10010010 10011100 10010101 01010000 10100011 10010101 10010011 10100010 10010101 10100100 01011110 01011110 01011110
caesar:43:01110011 10010100 10001111 10001111 10010000 10011001 01001011 10001111 10010000 10010000 10011011 01001011 10010100 10011001 10011110 10010100 10001111 10010000 01001011 10100100 10011010 10100000 01001011 10001110 10001100 10011001 01001011 10010001 10010100 10011001 10001111 01001011 01111000 10001100 10011111 10011111 10100100 01010010 10011110 01001011 10011111 10010000 10011101 10011101 10010100 10001101 10010111 10010000 01001011 10011110 10010000 10001110 10011101 10010000 10011111 01011001 01011001 01011001
caesar:211:00011011 00111100 00110111 00110111 00111000 01000001 11110011 00110111 00111000 00111000 01000011 11110011 00111100 01000001 01000110 00111100 00110111 00111000 11110011 01001100 01000010 01001000 11110011 00110110 00110100 01000001 11110011 00111001 00111100 01000001 00110111 11110011 00100000 00110100 01000111 01000111 01001100 11111010 01000110 11110011 01000111 00111000 01000101 01000101 00111100 00110101 00111111 00111000 11110011 01000110 00111000 00110110 01000101 00111000 01000111 1 1 1
vigenere:oL9yKBUm:10110111 10110101 10011101 11011101 10110000 10110000 01110101 11010001 11010100 10110001 10101001 10011001 10110100 10110000 11001000 11010110 11010011 10110001 01011001 11110010 10111010 10110111 01110101 11010000 11010000 10111010 01011001 11011111 10110100 10110000 10111001 10001101 10111100 10101101 10101101 11101101 11000100 01101001 11001000 10001101 11100011 10110001 10101011 11101011 10110100 10100100 11000001 11010010 10001111 10111111 10011110 11011100 10111101 10100111 11001001 10011011 10011101 01111010
vigenere:zC:11000010 10101100 11011110 10100111 11011111 10110001 10011010 10100111 11011111 10101000 11101010 01100011 11100011 10110001 11101101 10101100 11011110 10101000 10011010 10111100 11101001 10111000 10011010 10100110 11011011 10110001 10011010 10101001 11100011 10110001 11011110 01100011 11000111 10100100 11101110 10110111 11110011 01101010 11101101 01100011 11101110 10101000 11101100 10110101 11100011 10100101 11100110 10101000 10011010 10110110 11011111 10100110 11101100 10101000 11101110 01110001 10101000 01110001
vigenere:D3mq:10001100 10011100 11010001 11010101 10101001 10100001 10001101 11010101 10101001 10011000 11011101 10010001 10101101 10100001 11100000 11011010 10101000 10011000 10001101 11101010 10110011 10101000 10001101 11010100 10100101 10100001 10001101 11010111 10101101 10100001 11010001 10010001 10010001 10010100 11100001 11100101 10111101 01011010 11100000 10010001 10111000 10011000 11011111 11100011 10101101 10010101 11011001 11010110 01100100 10100110 11010010 11010100 10110110 10011000 11100001 10011111 01110010 01100001
caesar:195:1100 11101010 00110000 11100011 00110110 00110011 00101000 00101000 00100110 00101011 00101111 00101000 00110110 00110110 11110001 11100011 1100 11100011 00101011 00100100 00111001 00101000 11100011 00110001 00110010 11100011 00110110 00110011 00101000 00101000 00100110 00101011 11110001
caesar:138:11010011 10110001 11110111 10101010 11111101 11111010 11101111 11101111 11101101 11110010 11110110 11101111 11111101 11111101 10111000 10101010 11010011 10101010 11110010 11101011 0 11101111 10101010 11111000 11111001 10101010 11111101 11111010 11101111 11101111 11101101 11110010 10111000
caesar:232:00110001 1111 01010101 1000 01011011 01011000 01001101 01001101 01001011 01010000 01010100 01001101 01011011 01011011 00010110 1000 00110001 1000 01010000 01001001 01011110 01001101 1000 01010110 01010111 1000 01011011 01011000 01001101 01001101 01001011 01010000 00010110
vigenere:IQU:10010010 01111000 11000010 01101001 11000100 11000101 10101110 10110110 10111000 10110001 10111101 10111010 10111100 11000100 10000011 01101001 10011010 01110101 10110001 10110010 11001011 10101110 01110001 11000011 10111000 01110001 11001000 10111001 10110110 10111010 10101100 10111001 10000011
vigenere:YH:10100010 01101111 11000110 01101000 11001100 10111000 10111110 10101101 10111100 10110000 11000101 10101101 11001100 10111011 10000111 01101000 10100010 01101000 11000001 10101001 11001111 10101101 01111001 10110110 11001000 01101000 11001100 10111000 10111110 10101101 10111100 10110000 10000111
vigenere:c:10101100 10001010 11010000 10000011 11010110 11010011 11001000 11001000 11000110 11001011 11001111 11001000 11010110 11010110 10010001 10000011 10101100 10000011 11001011 11000100 11011001 11001000 10000011 11010001 11010010 10000011 11010110 11010011 11001000 11001000 11000110 11001011 10010001
caesar:29:01101011 10001100 10010100 00111101 01100110 00111101 01111110 10001010 00111101 01111111 10000010 10000000 10001100 10001010 10000010 00111101 01100001 10000010 01111110 10010001 10000101 01001001 00111101 10010001 10000101 10000010 00111101 10000001 10000010 10010000 10010001 10001111 10001100 10010110 10000010 10001111 00111101 10001100 10000011 00111101 10010100 10001100 10001111 10001001 10000001 10010000 01001011
caesar:207:00011101 00111110 01000110 11101111 00011000 11101111 00110000 00111100 11101111 00110001 00110100 00110010 00111110 00111100 00110100 11101111 00010011 00110100 00110000 01000011 00110111 11111011 11101111 01000011 00110111 00110100 11101111 00110011 00110100 01000010 01000011 01000001 00111110 01001000 00110100 01000001 11101111 00111110 00110101 11101111 01000110 00111110 01000001 00111011 00110011 01000010 11111101
caesar:154:11101000 1001 00010001 10111010 11100011 10111010 11111011 0111 10111010 11111100 11111111 11111101 1001 0111 11111111 10111010 11011110 11111111 11111011 1110 10 11000110 10111010 1110 10 11111111 10111010 11111110 11111111 1101 1110 1100 1001 00010011 11111111 1100 10111010 1001 0 10111010 00010001 1001 1100 0110 11111110 1101 11001000
vigenere:Dfj:10010010 11010101 11100001 01100100 10101111 10001010 10100101 11010011 10001010 10100110 11001011 11001101 10110011 11010011 11001111 01100100 10101010 11001111 10100101 11011010 11010010 01110000 10000110 11011110 10101100 11001011 10001010 10101000 11001011 11011101 10111000 11011000 11011001 10111101 11001011 11011100 01100100 11010101 11010000 01100100 11011101 11011001 10110110 11010010 11001110 10110111 10010100
vigenere:gVlQkBT:10110101 11000101 11100011 01110001 10110100 01100010 10110101 11010100 01110110 11001110 10110110 11001110 10110001 11000001 11001100 01110110 10110000 10110110 11001100 10110110 10111100 10010011 01110110 11100000 10111001 11010000 01100010 10111000 11001100 11001001 11100000 11000011 11011010 10111011 10111001 11011001 01110110 11011011 10110111 10001011 10111001 11000011 11011001 11000010 11010000 11000100 10011001
vigenere:sn:11000001 11011101 11101010 10001110 10111100 10001110 11010100 11011011 10010011 11010000 11011000 11010001 11100010 11011011 11011000 10001110 10110111 11010011 11010100 11100010 11011011 10011010 10010011 11100010 11011011 11010011 10010011 11010010 11011000 11100001 11100111 11100000 11100010 11100111 11011000 11100000 10010011 11011101 11011001 10001110 11101010 11011101 11100101 11011010 11010111 11100001 10100001
rsa:(47261,5):1010111110010000 1000001110111011 1010100111010001 0110110011100100 1010100111010001 0110110011100100 0111111000111111 1010111110010000 1000001110010111 0110110011100100 1010111110010000
rsa:(10819,7):0010000101001001 0001101110000100 0000000010011100 0010010100010001 0000011011001010 0010100110101100 0001100011000100 0000000010011100 0001100101000001 0000111001010111 0000000010011100 0000010011010001 0000111001000001 0001011111001011 0000000010011100 0000100111011011 0000011011001010 0010010100010001 0001111100110010 0001100011000100 0001111001000010 0000011011001010 0001101110000100 0001110000010100 0000000010011100 0001101011011000 0000111010011000 0010100110101100 0000000010011100 0000011011001010 0010010100010001 0000000010011100 0000011011001010 0000111001000001 0001000001111110 0010100000001011 0001100101000001 0001011111001011 0001100011000100 0001000001111110 0001011111001011 0001110000010100
rsa:(16717,5):0001101100001101 0000001000101011 0001110011010011 0010001001001101 0010001001001101 0011010110101000 0010000101001110 0000000000000010 0001110001111000 0010110111010101 0000011111111111 0001011000000111 0000000000000010 0011000010110100 0010000100101110 0000000000000010 0011000010110100 0001001101001000 0011110011001011
rsa:(140141,5):11000000110111011 0001110100010010 0001110100010010 11000000110111011 0111101110110101 0100010010100101 11000000110111011 0001110100010010 10110011110010001 11000000110111011 10010110011001110 0111010110010011
rsa:(3991,5):0000110100001000 0000101001110101 0000110110011100 0000110110100011 0000000000000010 0000100100001100 0000000000000010 0000110110100011 0000001110011111 0000110101110000 0000111010100100 0000001110011111 0000101001110101 0000110010001001
rsa:(4769,7):0000011111010101 0000110000010011 0000101101000110 0000101101000110 0000111011011100 0000110001011100 0000110001001110 0000101101000110 0000111011011100 0000111011011100 0000010110110100 0000110001001110 0000110000010011 0000110001011100 0001000101001100 0000110000010011 0000101101000110 0000111011011100 0000110001001110 0000001011011001 0000111110011011 0000011010111100 0000110001001110 0000011000001100 0000001001100011 0000110001011100 0000110001001110 0000000111100010 0000110000010011 0000110001011100 0000101101000110 0000110001001110 0001000100010011 0000001001100011 0000001010011100 0000001010011100 0000001011011001 0001000111110111 0001000101001100 0000110001001110 0000001010011100 0000111011011100 0000101000101011 0000101000101011 0000110000010011 0000100100001001 0000100011100100 0000111011011100 0000110001001110 0001000101001100 0000111011011100 0000011000001100 0000101000101011 0000111011011100 0000001010011100 0001000101111001 0001000101111001 0001000101111001
rsa:(109969,5):0101100001000100 10100101011010111 1100111100101111 0000000000000010 10111111111000010 10110100110100101 10010111101011001 10010111101011001 10001111011110101 0001011100111010 10010010110101100 10010111101011001 10111111111000010 10111111111000010 10000001100111101 0000000000000010 0101100001000100 0000000000000010 0001011100111010 10100010001101110 1011000001101110 10010111101011001 0000000000000010 10101000110001010 10110001100010011 0000000000000010 10111111111000010 10110100110100101 10010111101011001 10010111101011001 10001111011110101 0001011100111010 10000001100111101
rsa:(21509,5):0100100110111000 0000101101000010 0100011110000101 0000000000000010 0010000010010011 0000000000000010 0000110011001100 0100001010000011 0000000000000010 0010001101100101 0100001111011001 0000000000001110 0000101101000010 0100001010000011 0100001111011001 0000000000000010 0100100100010100 0100001111011001 0000110011001100 0011110100110111 0010110001110001 0011100111000101 0000000000000010 0011110100110111 0010110001110001 0100001111011001 0000000000000010 0100100000011010 0100001111011001 0010000010110101 0011110100110111 0100010001110011 0000101101000010 0101000101100111 0100001111011001 0100010001110011 0000000000000010 0000101101000010 0010000100000110 0000000000000010 0100011110000101 0000101101000010 0100010001110011 0100111001100101 0100100000011010 0010000010110101 0011001101001100